0.0000 0.4084 0.0200
0.4167 0.3392 0.0200
0.8333 0.3249 0.0200
1.2500 0.2779 0.0200
1.6667 0.2228 0.0200
2.0833 0.2308 0.0200
2.5000 0.1984 0.0200
2.9167 0.1918 0.0200
3.3333 0.1293 0.0200
3.7500 0.1120 0.0200
4.1667 0.1209 0.0200
4.5833 0.1145 0.0200
5.0000 0.1058 0.0200
5.4167 0.0789 0.0200
5.8333 0.0648 0.0200
6.2500 0.0744 0.0200
6.6667 0.0934 0.0200
7.0833 0.0655 0.0200
7.5000 0.0439 0.0200
7.9167 0.0257 0.0200
8.3333 0.0428 0.0200
8.7500 0.0193 0.0200
9.1667 0.0303 0.0200
9.5833 0.0381 0.0200
10.0000 0.0384 0.0200
