5.835641 0.027553 0.020000
2.904828 1.726975 0.020000
2.325004 -0.035737 0.020000
1.933366 0.028077 0.020000
2.251415 -0.008456 0.020000
0.537949 -0.034244 0.020000
1.381862 -0.034223 0.020000
0.453825 0.000489 0.020000
4.222988 0.005314 0.020000
2.102435 0.001098 0.020000
0.631188 0.035918 0.020000
5.274965 0.031146 0.020000
2.252839 0.018965 0.020000
2.366401 0.051936 0.020000
0.279510 -0.074383 0.020000
0.517811 0.010808 0.020000
1.090453 -0.000243 0.020000
0.422924 -0.020727 0.020000
0.854384 -0.015471 0.020000
3.242168 0.970957 0.020000
0.109009 0.009001 0.020000
4.815788 0.019385 0.020000
0.181218 -0.043972 0.020000
0.851312 0.008342 0.020000
5.729733 0.019544 0.020000
0.382460 0.034622 0.020000
0.941757 0.019519 0.020000
1.887127 -0.024454 0.020000
5.443966 0.001037 0.020000
1.280166 0.059807 0.020000
0.952251 0.017989 0.020000
2.457145 -0.010735 0.020000
1.016203 -0.036920 0.020000
0.057442 -0.000658 0.020000
4.808485 0.019874 0.020000
4.174411 -0.009319 0.020000
0.156418 0.022378 0.020000
3.621775 0.068703 0.020000
6.062300 -0.043050 0.020000
4.708231 0.059215 0.020000
1.031745 0.009188 0.020000
3.383583 0.342465 0.020000
1.556516 0.013115 0.020000
1.877464 0.088028 0.020000
1.335896 -0.006819 0.020000
0.922409 0.060559 0.020000
5.863111 -0.038920 0.020000
1.159929 0.033065 0.020000
2.718755 0.735216 0.020000
2.726310 0.728991 0.020000
3.505017 0.010673 0.020000
3.375784 0.356079 0.020000
1.591154 0.058320 0.020000
0.142286 0.004110 0.020000
1.106324 0.062056 0.020000
1.012234 0.058375 0.020000
4.735293 0.052324 0.020000
4.260333 0.003327 0.020000
2.137459 0.000698 0.020000
3.417370 0.258535 0.020000
2.115350 0.078811 0.020000
4.471732 0.007621 0.020000
3.178784 1.306017 0.020000
4.231731 0.039666 0.020000
1.532052 -0.026069 0.020000
0.006469 0.058705 0.020000
2.200264 0.018810 0.020000
0.425004 0.029812 0.020000
2.379336 -0.020211 0.020000
1.987195 0.037598 0.020000
1.932055 0.043138 0.020000
1.811218 0.108232 0.020000
2.810848 1.250038 0.020000
0.143105 -0.048798 0.020000
2.366148 0.008763 0.020000
6.009828 -0.007944 0.020000
1.628909 0.013179 0.020000
5.507787 0.001339 0.020000
5.158504 0.052847 0.020000
3.315945 0.502638 0.020000
2.665442 0.490517 0.020000
5.476124 -0.052487 0.020000
4.406752 0.026935 0.020000
4.623740 -0.000066 0.020000
4.102675 -0.085429 0.020000
0.874445 -0.003893 0.020000
2.138392 0.127366 0.020000
5.396760 0.020452 0.020000
3.159600 1.440419 0.020000
3.644523 0.047820 0.020000
3.045407 1.957890 0.020000
5.769828 -0.032570 0.020000
5.000290 -0.006176 0.020000
4.691195 0.064626 0.020000
1.949374 0.001521 0.020000
2.421504 0.056629 0.020000
4.668878 0.070637 0.020000
0.328386 0.000228 0.020000
4.636449 0.036753 0.020000
4.241510 0.047442 0.020000