4.583485 0.402883 0.050000
4.998031 0.651705 0.050000
1.002703 1.869639 0.050000
2.257188 0.808199 0.050000
0.843273 1.976406 0.050000
3.540857 -0.055906 0.050000
4.362614 0.281357 0.050000
1.075845 1.888539 0.050000
2.518259 0.678541 0.050000
3.008592 0.232042 0.050000
3.292666 0.180225 0.050000
0.203855 1.940871 0.050000
3.697410 -0.015490 0.050000
3.955132 -0.012507 0.050000
6.033265 1.650343 0.050000
4.802697 0.673325 0.050000
4.856242 0.519502 0.050000
2.855818 0.338022 0.050000
0.300269 1.952636 0.050000
6.204711 1.726223 0.050000
2.875736 0.369202 0.050000
4.553659 0.333827 0.050000
5.598965 1.350245 0.050000
1.070098 1.796516 0.050000
4.394586 0.237107 0.050000
2.318851 0.866083 0.050000
3.104755 0.158443 0.050000
3.533801 -0.029497 0.050000
1.543609 1.506484 0.050000
0.838317 1.942919 0.050000
2.020188 1.168339 0.050000
4.761040 0.521804 0.050000
5.654812 1.320246 0.050000
0.549832 1.969549 0.050000
3.085401 0.163614 0.050000
5.338201 1.070441 0.050000
5.066535 0.861943 0.050000
0.675204 1.969529 0.050000
6.080453 1.690307 0.050000
2.617110 0.529657 0.050000
3.363876 0.105431 0.050000
2.536364 0.622414 0.050000
0.848150 2.046988 0.050000
3.015473 0.237428 0.050000
3.560590 0.024094 0.050000
5.533726 1.177326 0.050000
6.143936 1.760592 0.050000
0.152381 2.042571 0.050000
3.915171 -0.075251 0.050000
1.572249 1.559000 0.050000