0.600094 3.992034 0.100000
0.216610 3.840718 0.100000
6.251811 3.407395 0.100000
2.307808 2.032392 0.100000
0.007605 3.479472 0.100000
2.095773 1.932878 0.100000
0.714614 3.850289 0.100000
0.871206 3.932143 0.100000
3.372835 3.721237 0.100000
3.763338 3.948642 0.100000
4.004101 3.858086 0.100000
1.685010 2.393014 0.100000
5.131377 2.030780 0.100000
5.305239 2.010711 0.100000
0.573676 3.929884 0.100000
3.686767 4.002769 0.100000
2.274355 2.081206 0.100000
2.921524 3.000547 0.100000
4.280419 3.324832 0.100000
5.417297 2.229489 0.100000
2.288782 2.350837 0.100000
0.318959 3.948028 0.100000
5.561471 2.304442 0.100000
2.005060 1.939303 0.100000
2.008862 1.932189 0.100000
0.830127 3.572072 0.100000
5.700585 2.409071 0.100000
5.960512 2.986143 0.100000
5.517799 2.031226 0.100000
1.352575 2.901978 0.100000
0.056114 3.660902 0.100000
0.714509 3.916092 0.100000
0.965901 3.608230 0.100000
1.968486 2.048234 0.100000
1.274258 3.257105 0.100000
5.571858 2.260440 0.100000
0.814463 4.008161 0.100000
3.994969 4.002196 0.100000
2.677844 2.751166 0.100000
1.064695 3.416133 0.100000
2.594306 2.325488 0.100000
0.856319 3.756419 0.100000
6.012625 3.064480 0.100000
1.212306 3.084366 0.100000
1.026812 3.477145 0.100000
5.578836 1.978330 0.100000
3.008056 3.225137 0.100000
4.894293 2.332050 0.100000
5.675147 2.351934 0.100000
4.275907 3.263513 0.100000