5.166974 -0.706565 0.100000
5.153393 -0.608186 0.100000
4.352154 0.991715 0.100000
1.371311 0.549687 0.100000
0.981817 0.996045 0.100000
4.601402 0.268716 0.100000
2.450884 -1.069014 0.100000
0.116536 0.547785 0.100000
3.626348 1.195805 0.100000
1.448587 0.349054 0.100000
0.674590 1.248508 0.100000
0.055280 0.361617 0.100000
2.399424 -0.890189 0.100000
3.938357 1.273435 0.100000
1.225480 0.820935 0.100000
1.969146 -0.469292 0.100000
2.582424 -0.792114 0.100000
6.023184 -0.197979 0.100000
4.170248 1.051325 0.100000
0.018176 0.407928 0.100000
2.279294 -0.951663 0.100000
4.078966 1.069840 0.100000
2.980347 0.014825 0.100000
1.806734 -0.351172 0.100000
1.096603 0.695390 0.100000
5.246170 -0.647367 0.100000
0.164993 0.589472 0.100000
2.150554 -0.630834 0.100000
5.696090 -0.444350 0.100000
5.252735 -0.831985 0.100000
5.436668 -0.940404 0.100000
5.494771 -0.660268 0.100000
1.305056 0.446940 0.100000
3.049364 -0.065451 0.100000
6.146495 0.070049 0.100000
0.833893 1.063216 0.100000
0.888142 1.266130 0.100000
2.480487 -0.826802 0.100000
1.027119 1.100384 0.100000
5.087912 -0.611957 0.100000
5.242245 -0.736642 0.100000
2.345757 -0.566405 0.100000
2.550041 -0.709507 0.100000
1.908718 -0.496690 0.100000
6.084332 -0.067517 0.100000
4.921586 -0.244782 0.100000
0.428949 1.121169 0.100000
4.808992 -0.221428 0.100000
3.568182 0.963668 0.100000
2.097161 -0.874849 0.100000
4.290068 0.810172 0.100000
3.714423 1.229858 0.100000
0.018486 0.378988 0.100000
4.633958 0.054022 0.100000
3.232640 0.538894 0.100000
4.431704 0.512341 0.100000
0.435604 1.181838 0.100000
2.558881 -0.590683 0.100000
1.208333 0.824473 0.100000
3.925810 1.294050 0.100000
5.010367 -0.179192 0.100000
3.285581 0.563150 0.100000
2.997846 -0.037776 0.100000
4.129415 1.053992 0.100000
2.370944 -0.855205 0.100000
4.715930 0.136157 0.100000
3.764265 1.370258 0.100000
6.166632 0.105677 0.100000
4.990300 -0.474014 0.100000
1.904015 -0.332984 0.100000
4.458977 0.713002 0.100000
2.300539 -0.625887 0.100000
4.253203 0.845178 0.100000
3.648270 1.033784 0.100000
0.391224 0.938828 0.100000
5.892315 -0.481828 0.100000
3.099879 0.265924 0.100000
4.611641 0.351866 0.100000
5.461964 -0.910744 0.100000
3.109499 0.057333 0.100000
5.755326 -0.475700 0.100000
2.686486 -0.450675 0.100000
4.216441 1.164801 0.100000
0.654546 1.149442 0.100000
2.194624 -0.819751 0.100000
4.184807 1.116961 0.100000
5.595214 -0.805908 0.100000
1.937745 -0.464108 0.100000
6.014127 -0.214684 0.100000
2.621784 -0.605640 0.100000
2.650243 -0.380307 0.100000
5.643561 -0.709296 0.100000
1.380016 0.318445 0.100000
0.741705 1.252609 0.100000
4.035758 1.194717 0.100000
2.833155 -0.334851 0.100000
5.539439 -0.658176 0.100000
6.279960 0.217012 0.100000
2.073664 -0.654247 0.100000
4.327071 0.852243 0.100000