7.008869 -0.243627 0.040000
17.330794 2.460019 0.040000
12.606068 2.189393 0.040000
0.065770 -0.436347 0.040000
16.952011 2.504053 0.040000
18.197686 2.508543 0.040000
4.551075 -0.376739 0.040000
6.605337 -0.247518 0.040000
7.958480 -0.155986 0.040000
13.938200 2.248411 0.040000
11.146519 1.856532 0.040000
1.185095 -0.476793 0.040000
12.382094 2.162269 0.040000
19.100285 2.416106 0.040000
8.749626 0.091157 0.040000
6.090898 -0.289414 0.040000
15.443351 2.419541 0.040000
9.108892 0.239466 0.040000
14.590422 2.344338 0.040000
2.920584 -0.371527 0.040000
2.476774 -0.560868 0.040000
16.760732 2.435841 0.040000
17.376537 2.342122 0.040000
11.229964 1.867123 0.040000
8.064998 -0.114432 0.040000
13.615861 2.315501 0.040000
13.208674 2.295430 0.040000
19.432271 2.425400 0.040000
7.370277 -0.204428 0.040000
2.050614 -0.506892 0.040000
10.460780 1.456497 0.040000
18.400018 2.376327 0.040000
6.850703 -0.276766 0.040000
9.948531 0.872741 0.040000
10.792750 1.633777 0.040000
10.707733 1.651150 0.040000
8.146887 -0.020280 0.040000
15.421220 2.320462 0.040000
13.586702 2.341280 0.040000
7.859349 -0.063351 0.040000
11.284131 2.005694 0.040000
17.568651 2.390350 0.040000
17.857990 2.407849 0.040000
15.473780 2.324526 0.040000
14.639014 2.327673 0.040000
4.596456 -0.335172 0.040000
18.964250 2.460576 0.040000
7.166049 -0.283019 0.040000
2.251530 -0.498998 0.040000
4.701783 -0.371361 0.040000
3.795409 -0.401296 0.040000
12.397095 2.219121 0.040000
10.868147 1.735781 0.040000
0.253066 -0.439215 0.040000
10.993754 1.864813 0.040000
14.023590 2.297103 0.040000
18.759648 2.506102 0.040000
18.558781 2.462602 0.040000
15.990191 2.396485 0.040000
13.834306 2.324531 0.040000
14.370855 2.352991 0.040000
16.238723 2.362486 0.040000
9.230958 0.415079 0.040000
1.528289 -0.425535 0.040000
5.054397 -0.377177 0.040000
11.109636 1.854673 0.040000
19.760429 2.463400 0.040000
15.259018 2.369404 0.040000
13.743956 2.390513 0.040000
2.198192 -0.505246 0.040000
7.569723 -0.172162 0.040000
6.094296 -0.299339 0.040000
8.898829 0.174764 0.040000
14.669933 2.374421 0.040000
8.332616 -0.058809 0.040000
15.308619 2.417118 0.040000
7.541249 -0.159204 0.040000
19.429256 2.459808 0.040000
4.433316 -0.365241 0.040000
9.392881 0.400608 0.040000
10.253680 1.260417 0.040000
0.222583 -0.387387 0.040000
16.814423 2.400264 0.040000
2.058590 -0.567739 0.040000
8.174201 0.005097 0.040000
16.075835 2.380762 0.040000
18.329914 2.369870 0.040000
17.681276 2.444694 0.040000
11.702617 2.006817 0.040000
6.893777 -0.258887 0.040000
11.470142 1.917566 0.040000
2.742718 -0.545596 0.040000
2.133088 -0.465599 0.040000
1.600534 -0.403540 0.040000
8.181429 -0.105853 0.040000
10.899618 1.699385 0.040000
3.174160 -0.442242 0.040000
10.234376 1.212386 0.040000
12.249601 2.101781 0.040000
2.723370 -0.485794 0.040000