0.0000 0.5128 0.0200
0.4167 0.4134 0.0200
0.8333 0.3221 0.0200
1.2500 0.2815 0.0200
1.6667 0.2349 0.0200
2.0833 0.1971 0.0200
2.5000 0.1516 0.0200
2.9167 0.1283 0.0200
3.3333 0.0810 0.0200
3.7500 0.0548 0.0200
4.1667 0.0569 0.0200
4.5833 0.0543 0.0200
5.0000 0.0601 0.0200
5.4167 0.0175 0.0200
5.8333 0.0173 0.0200
6.2500 0.0815 0.0200
6.6667 0.0054 0.0200
7.0833 0.0529 0.0200
7.5000 0.0310 0.0200
7.9167 -0.0016 0.0200
8.3333 0.0056 0.0200
8.7500 0.0020 0.0200
9.1667 0.0146 0.0200
9.5833 0.0315 0.0200
10.0000 -0.0294 0.0200
