3.892506 0.006076 0.020000
0.855900 0.093857 0.020000
5.370485 -0.001332 0.020000
5.022192 0.017434 0.020000
5.924669 -0.016640 0.020000
5.168305 0.002844 0.020000
3.664162 0.021151 0.020000
2.864702 0.160775 0.020000
4.193166 -0.000944 0.020000
0.080121 0.006436 0.020000
4.674724 0.031405 0.020000
1.423751 0.432150 0.020000
5.018134 -0.013882 0.020000
3.555718 0.012881 0.020000
4.322999 -0.005112 0.020000
2.254489 0.679559 0.020000
5.164721 0.007796 0.020000
0.510543 -0.020865 0.020000
2.924127 0.165385 0.020000
4.488879 0.001080 0.020000
1.356647 0.307483 0.020000
0.429888 -0.040511 0.020000
1.606834 0.588385 0.020000
2.032580 0.839969 0.020000
2.258731 0.678055 0.020000
2.642291 0.338209 0.020000
0.634914 0.015299 0.020000
3.389626 0.001129 0.020000
3.035245 0.077813 0.020000
3.978169 0.009819 0.020000
0.902665 0.097639 0.020000
4.218754 -0.014949 0.020000
4.371989 -0.002947 0.020000
3.696845 -0.024399 0.020000
2.153406 0.780137 0.020000
3.420470 0.026560 0.020000
2.702542 0.313630 0.020000
3.567454 0.007505 0.020000
5.422296 0.013087 0.020000
0.577406 0.025955 0.020000
0.452315 0.005353 0.020000
1.213355 0.232597 0.020000
3.686351 -0.005757 0.020000
1.624949 0.597100 0.020000
0.439618 0.016538 0.020000
1.477026 0.500966 0.020000
2.283002 0.694500 0.020000
4.101770 -0.024635 0.020000
5.660934 0.009219 0.020000
1.496202 0.480468 0.020000
1.865005 0.770662 0.020000
0.280799 0.039343 0.020000
6.153608 0.024299 0.020000
4.776000 -0.028372 0.020000
3.791988 -0.009385 0.020000
1.888952 0.769580 0.020000
1.838895 0.750000 0.020000
6.264560 -0.015534 0.020000
5.880533 -0.021761 0.020000
2.772164 0.217814 0.020000
1.126577 0.172698 0.020000
5.669060 0.023858 0.020000
4.603014 -0.022393 0.020000
4.195434 0.027572 0.020000
3.317219 0.024975 0.020000
0.571469 0.008078 0.020000
0.103216 -0.008028 0.020000
3.465799 0.011236 0.020000
1.110974 0.172800 0.020000
5.775470 0.032541 0.020000
3.807152 0.008797 0.020000
0.428679 -0.001391 0.020000
4.506736 -0.011108 0.020000
4.325459 -0.000565 0.020000
2.575220 0.401194 0.020000
0.461662 -0.013455 0.020000
1.924283 0.794674 0.020000
1.426755 0.407642 0.020000
3.070175 0.071413 0.020000
5.172979 0.003758 0.020000
0.842535 0.062893 0.020000
0.326376 0.031009 0.020000
3.566809 0.030794 0.020000
4.975501 0.002499 0.020000
2.890912 0.157872 0.020000
1.430942 0.452736 0.020000
3.870282 -0.018454 0.020000
2.180907 0.741676 0.020000
2.353068 0.618421 0.020000
0.413938 0.023485 0.020000
0.198915 0.040327 0.020000
3.339981 0.050251 0.020000
5.638352 0.002967 0.020000
5.422656 -0.006436 0.020000
1.612038 0.621848 0.020000
5.059992 0.005386 0.020000
5.609166 0.012864 0.020000
1.623901 0.573719 0.020000
3.781700 -0.035273 0.020000
1.507348 0.466758 0.020000