3.119953 0.198996 0.050000
3.744269 -0.009496 0.050000
5.249129 0.970387 0.050000
1.127016 1.866314 0.050000
4.679323 0.428446 0.050000
1.725329 1.456097 0.050000
0.401144 1.976410 0.050000
3.136389 0.178882 0.050000
1.254259 1.879744 0.050000
1.205277 1.853396 0.050000
1.950434 1.241682 0.050000
4.014165 0.105091 0.050000
3.871304 0.047563 0.050000
2.783996 0.359485 0.050000
1.968247 1.200801 0.050000
2.050602 1.173505 0.050000
2.047504 1.123850 0.050000
3.500990 0.053263 0.050000
0.287744 1.977136 0.050000
0.996208 1.930626 0.050000
0.940161 1.968427 0.050000
3.476443 0.078664 0.050000
0.080711 1.928597 0.050000
4.076214 0.120030 0.050000
3.137902 0.168769 0.050000
1.024898 1.916202 0.050000
5.205579 0.909155 0.050000
4.220627 0.082727 0.050000
2.987171 0.278868 0.050000
4.142424 0.106543 0.050000
4.266860 0.148642 0.050000
5.216774 0.909169 0.050000
5.100685 0.854947 0.050000
0.916823 1.893319 0.050000
5.296695 0.993625 0.050000
4.346547 0.257933 0.050000
5.241779 0.942541 0.050000
2.987640 0.264323 0.050000
1.984499 1.196036 0.050000
5.910708 1.567758 0.050000
1.356060 1.760935 0.050000
5.264557 1.041833 0.050000
5.092506 0.754980 0.050000
1.703806 1.409140 0.050000
1.679324 1.457707 0.050000
3.914644 0.028055 0.050000
6.190807 1.743743 0.050000
2.434330 0.655385 0.050000
1.221438 1.827437 0.050000
3.549698 -0.052419 0.050000