7.713547 0.040769 0.030000
6.204428 0.198959 0.030000
0.996233 2.312695 0.030000
6.126871 0.224873 0.030000
0.649931 0.919933 0.030000
7.475325 0.023695 0.030000
0.282236 1.176517 0.030000
1.237745 1.171465 0.030000
7.658178 0.016556 0.030000
2.651213 0.022321 0.030000
5.494003 0.265939 0.030000
6.941524 0.062940 0.030000
6.695430 0.053333 0.030000
6.489874 0.157626 0.030000
3.621437 0.102645 0.030000
5.206064 0.416568 0.030000
2.697771 0.097201 0.030000
1.794531 0.098749 0.030000
4.936627 0.371185 0.030000
4.869278 0.402047 0.030000
7.273728 0.060871 0.030000
3.968738 0.248810 0.030000
2.374705 -0.000165 0.030000
5.370482 0.373771 0.030000
0.489491 0.821060 0.030000
5.556478 0.386655 0.030000
1.279820 0.853886 0.030000
0.837819 1.801985 0.030000
6.149625 0.175866 0.030000
2.707513 0.044128 0.030000
2.733753 -0.005428 0.030000
3.894921 0.199252 0.030000
5.563074 0.362960 0.030000
0.967957 2.358953 0.030000
7.429697 -0.056946 0.030000
0.752810 1.419363 0.030000
1.941812 0.070427 0.030000
1.449067 0.275704 0.030000
1.179528 1.510688 0.030000
7.686353 0.016554 0.030000
6.169797 0.161786 0.030000
2.843102 0.094941 0.030000
5.261308 0.345391 0.030000
3.470869 0.117427 0.030000
5.456000 0.388578 0.030000
2.106833 0.009757 0.030000
7.259553 0.037252 0.030000
3.682789 0.185328 0.030000
1.787935 0.064417 0.030000
6.344103 0.180651 0.030000
1.072872 2.053107 0.030000
0.590443 0.819467 0.030000
7.441591 -0.008891 0.030000
7.774282 -0.013676 0.030000
3.905558 0.246084 0.030000
3.164724 0.029413 0.030000
7.629357 0.040999 0.030000
1.324948 0.761818 0.030000
2.668578 0.032450 0.030000
3.982830 0.269257 0.030000
1.073242 2.072547 0.030000
1.653516 0.061087 0.030000
4.682268 0.315796 0.030000
5.793299 0.230594 0.030000
4.746137 0.416788 0.030000
2.250710 0.058891 0.030000
7.936760 0.017149 0.030000
3.861834 0.194804 0.030000
0.558979 0.815172 0.030000
1.880740 0.013813 0.030000
6.075840 0.219920 0.030000
2.834522 0.071217 0.030000
2.388286 0.043433 0.030000
0.726792 1.205381 0.030000
3.547110 0.103848 0.030000
7.511754 -0.019829 0.030000
0.477022 0.889853 0.030000
0.612968 0.936809 0.030000
1.604905 0.072183 0.030000
0.329556 1.037742 0.030000
5.110481 0.370304 0.030000
3.243372 0.074598 0.030000
5.082455 0.460739 0.030000
6.384561 0.179789 0.030000
1.642881 0.114532 0.030000
3.501772 0.178468 0.030000
5.499398 0.347690 0.030000
1.661253 0.091817 0.030000
5.624230 0.349683 0.030000
5.952682 0.302959 0.030000
5.301057 0.361313 0.030000
3.709571 0.199459 0.030000
0.859563 1.917675 0.030000
6.477703 0.128147 0.030000
5.770909 0.301607 0.030000
6.242678 0.188797 0.030000
2.539792 -0.016612 0.030000
2.985629 0.105469 0.030000
5.322572 0.403866 0.030000
1.465887 0.281992 0.030000
3.106513 0.046095 0.030000
4.038578 0.224714 0.030000
6.028724 0.238071 0.030000
0.605270 0.883863 0.030000
0.723224 1.189709 0.030000
4.737583 0.458709 0.030000
2.461887 0.084062 0.030000
0.622572 0.995676 0.030000
7.116536 0.015815 0.030000
6.881762 0.069923 0.030000
4.120579 0.266944 0.030000
6.441703 0.070357 0.030000
0.922462 2.227498 0.030000
4.250633 0.298985 0.030000
6.151528 0.210382 0.030000
2.277714 0.028540 0.030000
1.956213 0.015630 0.030000
3.696163 0.164776 0.030000
7.622543 0.049326 0.030000
6.910851 0.068537 0.030000
0.430430 0.890592 0.030000
7.149018 0.033329 0.030000
5.543580 0.341015 0.030000
7.314507 -0.005465 0.030000
0.342299 1.051335 0.030000
4.063470 0.302112 0.030000
3.843132 0.184781 0.030000
0.333095 1.038964 0.030000
6.667229 0.174898 0.030000
7.738762 0.064813 0.030000
0.932835 2.261404 0.030000
2.764641 0.116689 0.030000
0.730335 1.303411 0.030000
7.987487 0.008985 0.030000
7.049393 0.060596 0.030000
1.699793 0.073506 0.030000
3.888481 0.208822 0.030000
5.275274 0.372265 0.030000
0.828237 1.641962 0.030000
5.661601 0.336388 0.030000
6.433184 0.209496 0.030000
1.094681 2.006182 0.030000
0.120041 1.532624 0.030000
7.147680 0.108909 0.030000
5.995749 0.243771 0.030000
5.013137 0.425375 0.030000
0.017244 1.932758 0.030000
4.283900 0.362685 0.030000
2.244057 0.055108 0.030000
2.684662 0.031899 0.030000
5.117180 0.434610 0.030000
4.312549 0.252710 0.030000
7.261781 -0.010313 0.030000
0.267226 1.174788 0.030000
2.851531 0.132400 0.030000
6.947128 0.064091 0.030000
5.785285 0.204296 0.030000
3.343240 0.126441 0.030000
4.952094 0.330524 0.030000
4.241078 0.300289 0.030000
1.800911 0.043372 0.030000
3.383559 0.090373 0.030000
1.605832 0.110914 0.030000
3.295069 0.076576 0.030000
7.444943 0.054853 0.030000
4.524297 0.242585 0.030000
2.259867 0.061707 0.030000
4.120554 0.278030 0.030000
3.442502 0.114330 0.030000
4.395982 0.354919 0.030000
6.403277 0.224669 0.030000
2.217114 0.007701 0.030000
1.858363 0.059926 0.030000
2.244459 0.033848 0.030000
4.364158 0.335556 0.030000
2.235823 0.041512 0.030000
1.057286 2.238460 0.030000
6.241955 0.198712 0.030000
7.419509 0.053921 0.030000
2.021991 0.045120 0.030000
6.509415 0.119981 0.030000
4.675009 0.377305 0.030000
2.309543 0.073649 0.030000
4.311312 0.278205 0.030000
4.944787 0.373146 0.030000
0.836090 1.793846 0.030000
0.188466 1.371615 0.030000
3.660682 0.213607 0.030000
1.556584 0.088731 0.030000
3.013790 0.094235 0.030000
4.404764 0.278748 0.030000
3.099938 0.002868 0.030000
4.731354 0.321486 0.030000
6.784186 0.143237 0.030000
6.869353 0.082364 0.030000
7.233946 0.031249 0.030000
7.264647 0.108341 0.030000
0.765407 1.381508 0.030000
7.914074 0.064497 0.030000
3.894532 0.168526 0.030000