3.708060 -0.006953 0.020000
1.555211 0.091833 0.020000
9.175423 0.040483 0.020000
7.988213 1.009629 0.020000
2.141173 0.025476 0.020000
6.054893 0.019304 0.020000
6.535086 0.004456 0.020000
2.962500 2.004192 0.020000
7.881799 0.811752 0.020000
1.495761 0.097991 0.020000
6.407870 -0.015985 0.020000
8.244480 0.483502 0.020000
7.038918 0.010664 0.020000
9.179597 -0.018114 0.020000
7.084520 0.031193 0.020000
5.782921 0.006011 0.020000
8.170124 0.669021 0.020000
9.741631 0.006233 0.020000
9.351351 -0.013732 0.020000
5.457463 0.009096 0.020000
9.806955 0.012396 0.020000
4.323132 -0.019783 0.020000
4.415174 -0.076885 0.020000
9.940612 0.009837 0.020000
3.451696 0.155633 0.020000
2.948312 1.995427 0.020000
4.715042 0.000607 0.020000
9.033487 -0.033484 0.020000
7.589675 0.162952 0.020000
0.257967 1.187288 0.020000
6.737192 0.033682 0.020000
3.441197 0.185178 0.020000
4.264702 -0.031826 0.020000
4.426431 0.005656 0.020000
1.748086 0.037492 0.020000
1.165517 0.166945 0.020000
2.259930 0.021822 0.020000
5.195803 0.003490 0.020000
8.988503 -0.000479 0.020000
7.434419 0.004037 0.020000
4.015434 0.014265 0.020000
6.419844 -0.016885 0.020000
0.164964 1.426493 0.020000
5.052953 0.038790 0.020000
3.885351 0.034355 0.020000
0.188501 1.404911 0.020000
0.345607 1.002239 0.020000
3.341457 0.467625 0.020000
7.612566 0.126858 0.020000
4.865304 0.008601 0.020000
4.522258 -0.003745 0.020000
4.850045 -0.011670 0.020000
4.024263 0.004850 0.020000
2.282394 0.008773 0.020000
3.666851 0.023822 0.020000
9.248665 -0.016102 0.020000
9.330532 -0.003667 0.020000
7.414764 -0.004365 0.020000
1.615824 0.049599 0.020000
8.518896 0.046886 0.020000
4.255899 0.005698 0.020000
6.461308 -0.014523 0.020000
8.395227 0.125648 0.020000
5.354371 0.024446 0.020000
4.870022 0.024245 0.020000
3.331637 0.505536 0.020000
5.010650 0.004198 0.020000
8.137688 0.794116 0.020000
7.062317 -0.031079 0.020000
2.777940 1.075677 0.020000
0.909594 0.322334 0.020000
5.011913 0.004025 0.020000
9.839140 -0.006204 0.020000
8.451919 0.062883 0.020000
7.204199 -0.034028 0.020000
3.912933 0.008406 0.020000
1.153966 0.201875 0.020000
4.949580 0.018964 0.020000
8.592624 0.013701 0.020000
3.055229 1.944600 0.020000
7.629327 0.186686 0.020000
9.512578 0.012983 0.020000
7.999108 1.007032 0.020000
6.647347 0.002326 0.020000
1.281979 0.171342 0.020000
8.933096 -0.002983 0.020000
0.307144 1.115866 0.020000
6.700027 -0.017004 0.020000
6.703816 0.012540 0.020000
1.583830 0.123969 0.020000
2.690239 0.598968 0.020000
7.735504 0.411387 0.020000
7.326034 -0.006233 0.020000
1.788119 0.068679 0.020000
9.801272 -0.019619 0.020000
8.858020 0.029721 0.020000
1.187172 0.180713 0.020000
5.529201 0.016502 0.020000
4.077649 -0.014083 0.020000
6.553562 -0.027937 0.020000
4.484787 -0.005294 0.020000
1.153346 0.182890 0.020000
5.491304 -0.031975 0.020000
0.568008 0.656828 0.020000
2.226901 -0.005388 0.020000
6.693158 -0.008620 0.020000
5.087258 0.013979 0.020000
4.516618 0.013415 0.020000
2.201545 0.036833 0.020000
4.476396 -0.020968 0.020000
0.914853 0.352990 0.020000
8.598985 0.005853 0.020000
2.998487 2.012531 0.020000
7.180432 -0.007879 0.020000
0.371501 0.968582 0.020000
2.138895 0.018651 0.020000
1.765997 0.056875 0.020000
1.046373 0.252901 0.020000
6.629764 -0.028580 0.020000
8.780065 -0.012089 0.020000
0.375952 0.945504 0.020000
1.237759 0.173879 0.020000
1.154944 0.194819 0.020000
5.602671 -0.003588 0.020000
9.174875 0.028891 0.020000
3.011814 2.022238 0.020000
1.103538 0.224744 0.020000
7.983529 0.988674 0.020000
7.853232 0.775838 0.020000
3.986689 0.039985 0.020000
1.862821 0.042717 0.020000
1.728105 0.080635 0.020000
4.753944 0.027227 0.020000
4.406851 -0.024767 0.020000
2.009006 0.045050 0.020000
3.738749 -0.011779 0.020000
0.866892 0.373668 0.020000
8.656893 -0.004955 0.020000
1.125269 0.212340 0.020000
4.536198 0.005382 0.020000
5.712764 0.017365 0.020000
0.993603 0.254503 0.020000
6.143508 0.014256 0.020000
7.817510 0.633094 0.020000
6.748879 -0.018880 0.020000
4.477266 0.001686 0.020000
1.169818 0.198717 0.020000
8.965051 -0.037313 0.020000
1.295400 0.173253 0.020000
4.903258 0.026934 0.020000
8.211873 0.547677 0.020000
9.325021 -0.006355 0.020000
2.648684 0.430173 0.020000
6.080267 -0.011078 0.020000
2.190861 0.003348 0.020000
4.239055 0.004518 0.020000
5.870227 0.017542 0.020000
0.343248 1.002509 0.020000
7.638775 0.168051 0.020000
0.495779 0.741366 0.020000
7.779055 0.561776 0.020000
4.226409 -0.016235 0.020000
5.986704 -0.003308 0.020000
5.594543 0.007945 0.020000
3.817051 -0.014383 0.020000
2.129242 0.013778 0.020000
8.118805 0.816095 0.020000
8.612435 -0.008502 0.020000
9.065343 -0.002125 0.020000
6.943289 0.017368 0.020000
3.900564 0.007040 0.020000
5.037183 0.002707 0.020000
0.109682 1.627525 0.020000
7.083346 0.034143 0.020000
0.841775 0.371065 0.020000
6.790161 0.009571 0.020000
1.144617 0.196847 0.020000
1.583538 0.089823 0.020000
0.817915 0.410890 0.020000
4.251395 0.038771 0.020000
7.476044 0.043967 0.020000
9.244555 0.003635 0.020000
6.350405 0.036781 0.020000
8.160593 0.783858 0.020000
4.917804 -0.003401 0.020000
2.520860 0.100725 0.020000
7.816482 0.626871 0.020000
4.149622 -0.010500 0.020000
8.352227 0.186076 0.020000
1.048624 0.243446 0.020000
2.032218 0.025058 0.020000
0.701299 0.493617 0.020000
7.104306 0.004472 0.020000
7.810152 0.628711 0.020000
9.860948 -0.038581 0.020000
1.261169 0.144922 0.020000
8.503379 0.021658 0.020000
2.472292 0.085384 0.020000
8.460997 0.102166 0.020000
1.496548 0.055693 0.020000