5.004947 0.398164 0.030000
5.321521 0.399275 0.030000
1.252945 1.055301 0.030000
6.340160 0.107635 0.030000
6.038805 0.284826 0.030000
4.224727 0.285377 0.030000
1.878538 0.024448 0.030000
0.481063 0.748422 0.030000
0.045164 1.777185 0.030000
3.577218 0.079766 0.030000
5.211279 0.402375 0.030000
0.895391 2.088650 0.030000
2.653895 0.053491 0.030000
7.057963 0.109697 0.030000
0.310707 1.086905 0.030000
5.062367 0.438624 0.030000
4.031193 0.307477 0.030000
0.963279 2.289464 0.030000
3.609329 0.124036 0.030000
4.400269 0.375310 0.030000
0.778961 1.509621 0.030000
4.750974 0.338798 0.030000
1.554601 0.093227 0.030000
1.344502 0.557027 0.030000
2.668366 -0.053536 0.030000
3.159056 0.077668 0.030000
0.367346 1.081190 0.030000
3.798732 0.210282 0.030000
3.235520 0.127226 0.030000
3.788478 0.102432 0.030000
3.033833 0.118071 0.030000
6.957385 -0.007104 0.030000
6.366445 0.048802 0.030000
0.469018 0.842641 0.030000
4.500195 0.405758 0.030000
5.752657 0.293486 0.030000
7.027531 0.049802 0.030000
0.017621 1.923322 0.030000
6.538902 0.142631 0.030000
1.228269 1.187001 0.030000
2.301414 0.027375 0.030000
3.716333 0.208888 0.030000
1.269029 0.905195 0.030000
5.479440 0.337637 0.030000
2.164917 0.028657 0.030000
2.823033 -0.024728 0.030000
0.037691 1.830322 0.030000
7.190413 0.015740 0.030000
0.056230 1.776748 0.030000
5.560543 0.367328 0.030000
5.089017 0.434405 0.030000
7.647040 -0.010846 0.030000
4.186449 0.253238 0.030000
6.605883 0.151969 0.030000
7.998458 0.044572 0.030000
3.689202 0.108291 0.030000
1.707402 0.069273 0.030000
3.364249 0.065682 0.030000
7.211936 0.027968 0.030000
1.076353 2.080200 0.030000
7.522628 0.083026 0.030000
2.224557 0.058885 0.030000
6.745542 0.035751 0.030000
1.106998 1.969461 0.030000
4.924492 0.421587 0.030000
4.596998 0.371574 0.030000
7.633716 0.078395 0.030000
7.305205 0.043407 0.030000
3.370217 0.164839 0.030000
4.811883 0.393056 0.030000
0.050592 1.851445 0.030000
7.597567 0.006823 0.030000
6.706729 0.047473 0.030000
6.276558 0.188862 0.030000
0.168719 1.405723 0.030000
4.787746 0.428851 0.030000
2.703463 0.083174 0.030000
1.473958 0.184888 0.030000
4.535970 0.376338 0.030000
3.943537 0.226390 0.030000
1.444319 0.291826 0.030000
3.617122 0.206687 0.030000
7.740947 0.047556 0.030000
2.424731 -0.074788 0.030000
0.344507 0.926297 0.030000
7.034711 0.091467 0.030000
3.076108 0.061679 0.030000
6.529435 0.161218 0.030000
4.903643 0.340621 0.030000
7.193463 -0.044753 0.030000
7.458362 -0.016380 0.030000
2.495233 0.000406 0.030000
4.442965 0.320581 0.030000
7.723732 -0.045819 0.030000
2.329659 0.029531 0.030000
3.505450 0.138678 0.030000
4.307472 0.241348 0.030000
7.621102 -0.058477 0.030000
0.225517 1.270088 0.030000
3.851930 0.127333 0.030000
3.519149 0.164168 0.030000
4.111400 0.225125 0.030000
2.849162 0.065613 0.030000
0.662913 1.036915 0.030000
5.439414 0.342680 0.030000
4.756174 0.383660 0.030000
7.539848 0.019517 0.030000
3.014521 0.082651 0.030000
1.934504 0.083967 0.030000
7.908296 0.056750 0.030000
3.851681 0.149829 0.030000
4.887979 0.461319 0.030000
6.619305 0.122582 0.030000
1.130403 1.822847 0.030000
2.116242 0.026524 0.030000
0.412259 0.908739 0.030000
1.202637 1.323485 0.030000
6.267825 0.186185 0.030000
0.251939 1.223495 0.030000
6.700027 0.126889 0.030000
1.113568 1.872680 0.030000
1.858843 0.026784 0.030000
7.243510 0.074733 0.030000
1.679591 0.071856 0.030000
4.869478 0.414765 0.030000
1.676443 0.124030 0.030000
0.320970 1.070973 0.030000
7.077787 0.066197 0.030000
0.483576 0.773135 0.030000
4.909644 0.430298 0.030000
3.227405 0.043557 0.030000
3.093422 0.116465 0.030000
2.832793 -0.048856 0.030000
7.782526 0.032670 0.030000
0.656904 1.021590 0.030000
6.281483 0.215390 0.030000
2.333554 0.053724 0.030000
3.964312 0.271237 0.030000
2.070246 0.024943 0.030000
1.065564 2.151848 0.030000
1.165465 1.576534 0.030000
0.063626 1.772689 0.030000
5.832327 0.333513 0.030000
3.974361 0.270730 0.030000
7.220858 0.073516 0.030000
6.078516 0.271349 0.030000
3.776042 0.223215 0.030000
2.852727 0.073594 0.030000
3.970266 0.261349 0.030000
3.525325 0.186494 0.030000
6.150841 0.215434 0.030000
2.248217 0.042015 0.030000
4.940684 0.434594 0.030000
7.280298 0.031025 0.030000
5.411758 0.314153 0.030000
6.211752 0.177630 0.030000
1.321305 0.731483 0.030000
2.331839 0.078050 0.030000
5.714501 0.280411 0.030000
5.578723 0.252037 0.030000
5.504842 0.365595 0.030000
3.516959 0.116998 0.030000
2.462725 0.033703 0.030000
5.796125 0.341188 0.030000
3.088601 0.002768 0.030000
1.918818 0.059698 0.030000
0.866020 1.974617 0.030000
0.085703 1.763897 0.030000
4.258955 0.292396 0.030000
3.901665 0.233441 0.030000
6.350246 0.168860 0.030000
7.778148 0.048672 0.030000
0.289048 1.102624 0.030000
1.227218 1.219934 0.030000
0.458320 0.820919 0.030000
6.555163 0.098080 0.030000
7.794169 0.018129 0.030000
2.866954 0.067602 0.030000
0.694659 1.166184 0.030000
0.304049 1.055892 0.030000
4.533468 0.406326 0.030000
7.178206 0.066040 0.030000
0.173601 1.400907 0.030000
3.257946 0.185223 0.030000
0.058087 1.813396 0.030000
2.175400 -0.032414 0.030000
1.287630 0.886538 0.030000
5.525462 0.306384 0.030000
5.269098 0.415921 0.030000
1.212150 1.325305 0.030000
7.616656 0.040918 0.030000
3.895550 0.231037 0.030000
6.960758 0.089144 0.030000
7.136535 -0.013083 0.030000
1.837967 0.035436 0.030000
7.470515 0.002356 0.030000
5.598514 0.362761 0.030000
0.439940 0.960537 0.030000
0.941750 2.187083 0.030000
5.784804 0.268383 0.030000