7.162320 -0.305148 0.070000
14.139661 2.292633 0.070000
19.954561 2.536782 0.070000
5.338258 -0.257913 0.070000
9.831568 0.908438 0.070000
15.219361 2.430137 0.070000
19.361148 2.335318 0.070000
0.867882 -0.529025 0.070000
7.022211 -0.312969 0.070000
7.520888 -0.177721 0.070000
10.028296 1.160231 0.070000
18.651190 2.589117 0.070000
11.852556 1.939432 0.070000
5.862902 -0.445673 0.070000
9.031649 0.366613 0.070000
5.174951 -0.347154 0.070000
4.297127 -0.482324 0.070000
15.741050 2.315363 0.070000
2.690408 -0.475482 0.070000
19.663308 2.492687 0.070000
18.971648 2.423244 0.070000
10.459975 1.470582 0.070000
2.382725 -0.272608 0.070000
16.860097 2.485436 0.070000
11.800325 1.986460 0.070000
19.505710 2.482882 0.070000
6.479736 -0.281764 0.070000
5.032565 -0.203069 0.070000
9.140434 0.248778 0.070000
14.706454 2.439360 0.070000
12.017190 2.034902 0.070000
11.884373 2.121022 0.070000
5.429791 -0.485470 0.070000
19.990382 2.510028 0.070000
3.682319 -0.538025 0.070000
0.088429 -0.483057 0.070000
6.045077 -0.332576 0.070000
17.226328 2.468435 0.070000
4.857080 -0.595618 0.070000
15.324685 2.266247 0.070000
19.674592 2.509947 0.070000
4.873889 -0.355018 0.070000
19.438505 2.371698 0.070000
15.000059 2.361533 0.070000
13.298839 2.229985 0.070000
3.374708 -0.567601 0.070000
12.517633 2.084815 0.070000
12.719665 2.289269 0.070000
8.152571 0.091414 0.070000
12.160727 2.221529 0.070000
13.304772 2.294983 0.070000
14.279826 2.308716 0.070000
3.887379 -0.606623 0.070000
18.515325 2.545247 0.070000
14.944937 2.370995 0.070000
6.734602 -0.266437 0.070000
10.556794 1.507568 0.070000
12.995587 2.305210 0.070000
15.684721 2.355490 0.070000
11.366981 1.948677 0.070000
19.820549 2.729411 0.070000
5.129084 -0.558225 0.070000
9.432763 0.529543 0.070000
18.118691 2.429729 0.070000
14.480826 2.438195 0.070000
0.627903 -0.568895 0.070000
2.115003 -0.603448 0.070000
13.521086 2.126448 0.070000
0.534394 -0.463206 0.070000
3.913958 -0.504819 0.070000
19.837974 2.367557 0.070000
17.616509 2.384749 0.070000
18.090492 2.318206 0.070000
10.897436 1.755360 0.070000
5.165940 -0.364430 0.070000
3.694166 -0.466635 0.070000
2.679133 -0.411757 0.070000
17.570532 2.588515 0.070000
13.978152 2.266744 0.070000
7.274956 -0.130578 0.070000
18.904496 2.508247 0.070000
19.580823 2.410335 0.070000
4.255946 -0.340059 0.070000
2.431855 -0.488889 0.070000
12.326569 2.138924 0.070000
17.838754 2.271230 0.070000
11.499379 2.041732 0.070000
14.073243 2.418100 0.070000
3.252454 -0.431326 0.070000
12.071115 2.050352 0.070000
3.585404 -0.328472 0.070000
6.024597 -0.424724 0.070000
6.786410 -0.466967 0.070000
0.334645 -0.590312 0.070000
18.206896 2.416541 0.070000
4.624872 -0.346816 0.070000
11.526390 1.901058 0.070000
10.227476 1.223188 0.070000
15.788341 2.274441 0.070000
18.725304 2.398621 0.070000